function data()
return {
	times = { 0, 41.667, 83.333, 125, 166.667, 208.333, 250, 291.667, 333.333, 375, 416.667, 458.333, 500, 541.667, 583.333, 625, 666.667, 708.333, 750, 791.667, 833.333, 875, 916.667, 958.333, 1000, 1041.667, 1083.333, 1125, 1166.667, 1208.333, 1250, 1291.667, 1333.333, 1375, 1416.667, 1458.333, 1500, 1541.667, 1583.333, 1625, 1666.667, 1708.333, 1750, 1791.667, 1833.333, 1875, 1916.667, 1958.333, 2000, 2041.667, 2083.333, 2125, 2166.667, 2208.333, 2250, 2291.667, 2333.333, 2375, 2416.667, 2458.333, 2500, },
	transfs = {
		{ 1, 0, 0, 0, 0, 1, 0, 0, 0, 0, 1, 0, 0, 0, 0, 1, },
		{ 0.99999922513962, 0, 0.0011856914497912, 0, 0, 1, 0, 0, -0.0011856914497912, 0, 0.99999922513962, 0, 0, 0, 0, 1, },
		{ 0.99998897314072, 0, 0.0046894592233002, 0, 0, 1, 0, 0, -0.0046894592233002, 0, 0.99998897314072, 0, 0, 0, 0, 1, },
		{ 0.99994558095932, 0, 0.010431230068207, 0, 0, 1, 0, 0, -0.010431230068207, 0, 0.99994558095932, 0, 0, 0, 0, 1, },
		{ 0.99983197450638, 0, 0.018330564722419, 0, 0, 1, 0, 0, -0.018330564722419, 0, 0.99983197450638, 0, 0, 0, 0, 1, },
		{ 0.99959921836853, 0, 0.028306275606155, 0, 0, 1, 0, 0, -0.028306275606155, 0, 0.99959921836853, 0, 0, 0, 0, 1, },
		{ 0.99918860197067, 0, 0.04027596861124, 0, 0, 1, 0, 0, -0.04027596861124, 0, 0.99918860197067, 0, 0, 0, 0, 1, },
		{ 0.99853247404099, 0, 0.054155591875315, 0, 0, 1, 0, 0, -0.054155591875315, 0, 0.99853247404099, 0, 0, 0, 0, 1, },
		{ 0.9975568652153, 0, 0.069858886301517, 0, 0, 1, 0, 0, -0.069858886301517, 0, 0.9975568652153, 0, 0, 0, 0, 1, },
		{ 0.99618232250214, 0, 0.087296843528748, 0, 0, 1, 0, 0, -0.087296843528748, 0, 0.99618232250214, 0, 0, 0, 0, 1, },
		{ 0.99432581663132, 0, 0.10637735575438, 0, 0, 1, 0, 0, -0.10637735575438, 0, 0.99432581663132, 0, 0, 0, 0, 1, },
		{ 0.99190211296082, 0, 0.12700465321541, 0, 0, 1, 0, 0, -0.12700465321541, 0, 0.99190211296082, 0, 0, 0, 0, 1, },
		{ 0.98882520198822, 0, 0.14907914400101, 0, 0, 1, 0, 0, -0.14907914400101, 0, 0.98882520198822, 0, 0, 0, 0, 1, },
		{ 0.98500996828079, 0, 0.17249697446823, 0, 0, 1, 0, 0, -0.17249697446823, 0, 0.98500996828079, 0, 0, 0, 0, 1, },
		{ 0.98037326335907, 0, 0.19715009629726, 0, 0, 1, 0, 0, -0.19715009629726, 0, 0.98037326335907, 0, 0, 0, 0, 1, },
		{ 0.9748352766037, 0, 0.22292609512806, 0, 0, 1, 0, 0, -0.22292609512806, 0, 0.9748352766037, 0, 0, 0, 0, 1, },
		{ 0.96832102537155, 0, 0.24970836937428, 0, 0, 1, 0, 0, -0.24970836937428, 0, 0.96832102537155, 0, 0, 0, 0, 1, },
		{ 0.96076130867004, 0, 0.27737629413605, 0, 0, 1, 0, 0, -0.27737629413605, 0, 0.96076130867004, 0, 0, 0, 0, 1, },
		{ 0.95209395885468, 0, 0.30580550432205, 0, 0, 1, 0, 0, -0.30580550432205, 0, 0.95209395885468, 0, 0, 0, 0, 1, },
		{ 0.94226485490799, 0, 0.33486858010292, 0, 0, 1, 0, 0, -0.33486858010292, 0, 0.94226485490799, 0, 0, 0, 0, 1, },
		{ 0.93122857809067, 0, 0.36443549394608, 0, 0, 1, 0, 0, -0.36443549394608, 0, 0.93122857809067, 0, 0, 0, 0, 1, },
		{ 0.91894996166229, 0, 0.3943740427494, 0, 0, 1, 0, 0, -0.3943740427494, 0, 0.91894996166229, 0, 0, 0, 0, 1, },
		{ 0.90540397167206, 0, 0.42455106973648, 0, 0, 1, 0, 0, -0.42455106973648, 0, 0.90540397167206, 0, 0, 0, 0, 1, },
		{ 0.89057666063309, 0, 0.4548331797123, 0, 0, 1, 0, 0, -0.4548331797123, 0, 0.89057666063309, 0, 0, 0, 0, 1, },
		{ 0.8744655251503, 0, 0.48508766293526, 0, 0, 1, 0, 0, -0.48508766293526, 0, 0.8744655251503, 0, 0, 0, 0, 1, },
		{ 0.85708004236221, 0, 0.51518332958221, 0, 0, 1, 0, 0, -0.51518332958221, 0, 0.85708004236221, 0, 0, 0, 0, 1, },
		{ 0.83844137191772, 0, 0.54499173164368, 0, 0, 1, 0, 0, -0.54499173164368, 0, 0.83844137191772, 0, 0, 0, 0, 1, },
		{ 0.8185830116272, 0, 0.57438826560974, 0, 0, 1, 0, 0, -0.57438826560974, 0, 0.8185830116272, 0, 0, 0, 0, 1, },
		{ 0.79754954576492, 0, 0.60325336456299, 0, 0, 1, 0, 0, -0.60325336456299, 0, 0.79754954576492, 0, 0, 0, 0, 1, },
		{ 0.77539795637131, 0, 0.63147276639938, 0, 0, 1, 0, 0, -0.63147276639938, 0, 0.77539795637131, 0, 0, 0, 0, 1, },
		{ 0.75219577550888, 0, 0.65893965959549, 0, 0, 1, 0, 0, -0.65893965959549, 0, 0.75219577550888, 0, 0, 0, 0, 1, },
		{ 0.72802120447159, 0, 0.68555462360382, 0, 0, 1, 0, 0, -0.68555462360382, 0, 0.72802120447159, 0, 0, 0, 0, 1, },
		{ 0.70296216011047, 0, 0.71122717857361, 0, 0, 1, 0, 0, -0.71122717857361, 0, 0.70296216011047, 0, 0, 0, 0, 1, },
		{ 0.67711597681046, 0, 0.73587626218796, 0, 0, 1, 0, 0, -0.73587626218796, 0, 0.67711597681046, 0, 0, 0, 0, 1, },
		{ 0.65058863162994, 0, 0.75943034887314, 0, 0, 1, 0, 0, -0.75943034887314, 0, 0.65058863162994, 0, 0, 0, 0, 1, },
		{ 0.62349212169647, 0, 0.78182965517044, 0, 0, 1, 0, 0, -0.78182965517044, 0, 0.62349212169647, 0, 0, 0, 0, 1, },
		{ 0.59594601392746, 0, 0.80302441120148, 0, 0, 1, 0, 0, -0.80302441120148, 0, 0.59594601392746, 0, 0, 0, 0, 1, },
		{ 0.56807482242584, 0, 0.8229768872261, 0, 0, 1, 0, 0, -0.8229768872261, 0, 0.56807482242584, 0, 0, 0, 0, 1, },
		{ 0.54000717401505, 0, 0.84166032075882, 0, 0, 1, 0, 0, -0.84166032075882, 0, 0.54000717401505, 0, 0, 0, 0, 1, },
		{ 0.51187551021576, 0, 0.85905957221985, 0, 0, 1, 0, 0, -0.85905957221985, 0, 0.51187551021576, 0, 0, 0, 0, 1, },
		{ 0.48381289839745, 0, 0.87517136335373, 0, 0, 1, 0, 0, -0.87517136335373, 0, 0.48381289839745, 0, 0, 0, 0, 1, },
		{ 0.45595568418503, 0, 0.89000248908997, 0, 0, 1, 0, 0, -0.89000248908997, 0, 0.45595568418503, 0, 0, 0, 0, 1, },
		{ 0.42843887209892, 0, 0.90357077121735, 0, 0, 1, 0, 0, -0.90357077121735, 0, 0.42843887209892, 0, 0, 0, 0, 1, },
		{ 0.401397138834, 0, 0.91590404510498, 0, 0, 1, 0, 0, -0.91590404510498, 0, 0.401397138834, 0, 0, 0, 0, 1, },
		{ 0.3749648630619, 0, 0.92703902721405, 0, 0, 1, 0, 0, -0.92703902721405, 0, 0.3749648630619, 0, 0, 0, 0, 1, },
		{ 0.34927302598953, 0, 0.93702095746994, 0, 0, 1, 0, 0, -0.93702095746994, 0, 0.34927302598953, 0, 0, 0, 0, 1, },
		{ 0.32444989681244, 0, 0.9459028840065, 0, 0, 1, 0, 0, -0.9459028840065, 0, 0.32444989681244, 0, 0, 0, 0, 1, },
		{ 0.30062136054039, 0, 0.95374351739883, 0, 0, 1, 0, 0, -0.95374351739883, 0, 0.30062136054039, 0, 0, 0, 0, 1, },
		{ 0.27790921926498, 0, 0.96060734987259, 0, 0, 1, 0, 0, -0.96060734987259, 0, 0.27790921926498, 0, 0, 0, 0, 1, },
		{ 0.25643157958984, 0, 0.96656233072281, 0, 0, 1, 0, 0, -0.96656233072281, 0, 0.25643157958984, 0, 0, 0, 0, 1, },
		{ 0.23630233108997, 0, 0.97167956829071, 0, 0, 1, 0, 0, -0.97167956829071, 0, 0.23630233108997, 0, 0, 0, 0, 1, },
		{ 0.2176322042942, 0, 0.9760308265686, 0, 0, 1, 0, 0, -0.9760308265686, 0, 0.2176322042942, 0, 0, 0, 0, 1, },
		{ 0.20052675902843, 0, 0.97968822717667, 0, 0, 1, 0, 0, -0.97968822717667, 0, 0.20052675902843, 0, 0, 0, 0, 1, },
		{ 0.18508860468864, 0, 0.98272180557251, 0, 0, 1, 0, 0, -0.98272180557251, 0, 0.18508860468864, 0, 0, 0, 0, 1, },
		{ 0.17141607403755, 0, 0.9851987361908, 0, 0, 1, 0, 0, -0.9851987361908, 0, 0.17141607403755, 0, 0, 0, 0, 1, },
		{ 0.15960443019867, 0, 0.98718106746674, 0, 0, 1, 0, 0, -0.98718106746674, 0, 0.15960443019867, 0, 0, 0, 0, 1, },
		{ 0.14974610507488, 0, 0.98872447013855, 0, 0, 1, 0, 0, -0.98872447013855, 0, 0.14974610507488, 0, 0, 0, 0, 1, },
		{ 0.14193044602871, 0, 0.98987656831741, 0, 0, 1, 0, 0, -0.98987656831741, 0, 0.14193044602871, 0, 0, 0, 0, 1, },
		{ 0.13624423742294, 0, 0.99067521095276, 0, 0, 1, 0, 0, -0.99067521095276, 0, 0.13624423742294, 0, 0, 0, 0, 1, },
		{ 0.13277240097523, 0, 0.99114656448364, 0, 0, 1, 0, 0, -0.99114656448364, 0, 0.13277240097523, 0, 0, 0, 0, 1, },
		{ 0.1315970569849, 0, 0.99130326509476, 0, 0, 1, 0, 0, -0.99130326509476, 0, 0.1315970569849, 0, 0, 0, 0, 1, },
	},
}
end
