function data()
return {
	times = { 0, 41.667, 83.333, 125, 166.667, 208.333, 250, 291.667, 333.333, 375, 416.667, 458.333, 500, 541.667, 583.333, 625, 666.667, 708.333, 750, 791.667, 833.333, 875, 916.667, 958.333, 1000, 1041.667, 1083.333, 1125, 1166.667, 1208.333, 1250, 1291.667, 1333.333, 1375, 1416.667, 1458.333, 1500, 1541.667, 1583.333, 1625, 1666.667, 1708.333, 1750, 1791.667, 1833.333, 1875, 1916.667, 1958.333, 2000, 2041.667, 2083.333, 2125, 2166.667, 2208.333, 2250, 2291.667, 2333.333, 2375, 2416.667, 2458.333, 2500, },
	transfs = {
		{ 1, 0, 0, 0, 0, 1, 0, 0, 0, 0, 1, 0, 0, 0, 0, 1, },
		{ 1, 0.00015181222988758, -7.3834788054228e-05, 0, -0.00015174002328422, 0.99999952316284, 0.00097694667056203, 0, 7.3983064794447e-05, -0.00097693537827581, 0.99999952316284, 0, 0, 0, 0, 1, },
		{ 0.99999970197678, 0.00060042593395337, -0.00029202076257206, 0, -0.00059929315466434, 0.99999237060547, 0.0038638703990728, 0, 0.00029433850431815, -0.0038636943791062, 0.99999243021011, 0, 0, 0, 0, 1, },
		{ 0.99999886751175, 0.0013356059789658, -0.00064958026632667, 0, -0.0013299739221111, 0.99996215105057, 0.0085948295891285, 0, 0.00066103501012549, -0.0085939560085535, 0.99996280670166, 0, 0, 0, 0, 1, },
		{ 0.99999660253525, 0.0023471161257476, -0.0011415354674682, 0, -0.0023296086583287, 0.99988317489624, 0.015103672631085, 0, 0.0011768522672355, -0.01510096155107, 0.99988526105881, 0, 0, 0, 0, 1, },
		{ 0.99999189376831, 0.0036247170064598, -0.0017629083013162, 0, -0.0035826188977808, 0.99972152709961, 0.023323824629188, 0, 0.0018469595815986, -0.023317318409681, 0.99972635507584, 0, 0, 0, 0, 1, },
		{ 0.9999834895134, 0.0051581654697657, -0.00250872108154, 0, -0.0050720814615488, 0.99943625926971, 0.033188033849001, 0, 0.0026784960646182, -0.033174760639668, 0.99944591522217, 0, 0, 0, 0, 1, },
		{ 0.99997025728226, 0.0069372137077153, -0.0033739949576557, 0, -0.0067797685042024, 0.99898064136505, 0.044628091156483, 0, 0.0036801507230848, -0.044603887945414, 0.99899798631668, 0, 0, 0, 0, 1, },
		{ 0.99995040893555, 0.0089516034349799, -0.0043537514284253, 0, -0.0086861811578274, 0.99830341339111, 0.057574540376663, 0, 0.0048617492429912, -0.057533871382475, 0.99833172559738, 0, 0, 0, 0, 1, },
		{ 0.99992257356644, 0.011191064491868, -0.0054430081509054, 0, -0.010770578868687, 0.99734961986542, 0.07195633649826, 0, 0.0062338500283659, -0.071892142295837, 0.99739295244217, 0, 0, 0, 0, 1, },
		{ 0.99988484382629, 0.013645322062075, -0.0066367872059345, 0, -0.013011031784117, 0.99606186151505, 0.087700687348843, 0, 0.0078073549084365, -0.087604232132435, 0.99612474441528, 0, 0, 0, 0, 1, },
		{ 0.99983561038971, 0.016304081305861, -0.0079301055520773, 0, -0.015384462662041, 0.99438142776489, 0.10473270714283, 0, 0.0095931198447943, -0.10459350049496, 0.99446874856949, 0, 0, 0, 0, 1, },
		{ 0.99977308511734, 0.01915704458952, -0.0093179792165756, 0, -0.017866728827357, 0.99224883317947, 0.12297541648149, 0, 0.011601599864662, -0.12278103083372, 0.99236595630646, 0, 0, 0, 0, 1, },
		{ 0.9996954202652, 0.022193877026439, -0.010795433074236, 0, -0.020432686433196, 0.98960560560226, 0.14234924316406, 0, 0.013842501677573, -0.14208529889584, 0.98975759744644, 0, 0, 0, 0, 1, },
		{ 0.99960088729858, 0.025404255837202, -0.012357471510768, 0, -0.023056361824274, 0.98639416694641, 0.16277222335339, 0, 0.016324445605278, -0.16242234408855, 0.98658621311188, 0, 0, 0, 0, 1, },
		{ 0.9994877576828, 0.028777826577425, -0.013999115675688, 0, -0.025711027905345, 0.9825599193573, 0.18416011333466, 0, 0.01905469596386, -0.18370585143566, 0.98279649019241, 0, 0, 0, 0, 1, },
		{ 0.99935448169708, 0.032304219901562, -0.015715379267931, 0, -0.028369415551424, 0.97805082798004, 0.2064260840416, 0, 0.022038873285055, -0.20584699511528, 0.978335916996, 0, 0, 0, 0, 1, },
		{ 0.99919950962067, 0.03597304597497, -0.017501270398498, 0, -0.031003888696432, 0.97281920909882, 0.22948078811169, 0, 0.025280699133873, -0.22875447571278, 0.97315579652786, 0, 0, 0, 0, 1, },
		{ 0.99902123212814, 0.039773907512426, -0.019351802766323, 0, -0.033586647361517, 0.96682208776474, 0.25323301553726, 0, 0.028781816363335, -0.25233522057533, 0.96721172332764, 0, 0, 0, 0, 1, },
		{ 0.99881857633591, 0.043696403503418, -0.021261984482408, 0, -0.036090020090342, 0.96002155542374, 0.27758973836899, 0, 0.032541640102863, -0.2764944434166, 0.96046441793442, 0, 0, 0, 0, 1, },
		{ 0.99859011173248, 0.04773011431098, -0.023226829245687, 0, -0.038486655801535, 0.95238602161407, 0.30245605111122, 0, 0.036557171493769, -0.30113571882248, 0.95288026332855, 0, 0, 0, 0, 1, },
		{ 0.99833506345749, 0.051864590495825, -0.02524134516716, 0, -0.040749818086624, 0.94389003515244, 0.32773607969284, 0, 0.040822952985764, -0.32616186141968, 0.94443207979202, 0, 0, 0, 0, 1, },
		{ 0.99805241823196, 0.056089419871569, -0.027300545945764, 0, -0.042853698134422, 0.93451541662216, 0.35333329439163, 0, 0.045331042259932, -0.35147523880005, 0.9350990653038, 0, 0, 0, 0, 1, },
		{ 0.99774152040482, 0.060394145548344, -0.029399421066046, 0, -0.044773671776056, 0.92425113916397, 0.37915042042732, 0, 0.05007091537118, -0.37697783112526, 0.92486786842346, 0, 0, 0, 0, 1, },
		{ 0.99740195274353, 0.064768336713314, -0.031533006578684, 0, -0.046486597508192, 0.91309368610382, 0.40509113669395, 0, 0.055029667913914, -0.40257284045219, 0.91373229026794, 0, 0, 0, 0, 1, },
		{ 0.99703341722488, 0.069201536476612, -0.033696286380291, 0, -0.047971088439226, 0.90104758739471, 0.43105915188789, 0, 0.060191914439201, -0.4281639456749, 0.90169423818588, 0, 0, 0, 0, 1, },
		{ 0.99663585424423, 0.073683366179466, -0.035884313285351, 0, -0.049207866191864, 0.88812494277954, 0.45696026086807, 0, 0.065540127456188, -0.45365723967552, 0.88876289129257, 0, 0, 0, 0, 1, },
		{ 0.99620938301086, 0.078203327953815, -0.038092017173767, 0, -0.05017989128828, 0.87434601783752, 0.48270174860954, 0, 0.071054495871067, -0.47896057367325, 0.87495595216751, 0, 0, 0, 0, 1, },
		{ 0.99575448036194, 0.082751043140888, -0.040314480662346, 0, -0.050872698426247, 0.85973888635635, 0.50819385051727, 0, 0.076713502407074, -0.50398540496826, 0.86029863357544, 0, 0, 0, 0, 1, },
		{ 0.99527168273926, 0.087316185235977, -0.042546674609184, 0, -0.051274657249451, 0.8443391919136, 0.53334993124008, 0, 0.082493908703327, -0.52864652872086, 0.84482401609421, 0, 0, 0, 0, 1, },
		{ 0.9947617650032, 0.091888315975666, -0.044783663004637, 0, -0.051376961171627, 0.82819032669067, 0.55808705091476, 0, 0.088371083140373, -0.55286276340485, 0.82857298851013, 0, 0, 0, 0, 1, },
		{ 0.99422585964203, 0.096457116305828, -0.047020394355059, 0, -0.05117405205965, 0.81134277582169, 0.58232641220093, 0, 0.094319187104702, -0.57655775547028, 0.81159406900406, 0, 0, 0, 0, 1, },
		{ 0.99366533756256, 0.10101230442524, -0.049251947551966, 0, -0.050663482397795, 0.79385340213776, 0.60599493980408, 0, 0.10031177848577, -0.59966087341309, 0.79394233226776, 0, 0, 0, 0, 1, },
		{ 0.99308162927628, 0.10554352402687, -0.051473259925842, 0, -0.049846228212118, 0.77578657865524, 0.62902343273163, 0, 0.10632162541151, -0.62210583686829, 0.77568036317825, 0, 0, 0, 0, 1, },
		{ 0.99247646331787, 0.11004062741995, -0.053679447621107, 0, -0.048726480454206, 0.75721120834351, 0.65135008096695, 0, 0.11232164502144, -0.64383405447006, 0.75687617063522, 0, 0, 0, 0, 1, },
		{ 0.99185192584991, 0.11449336260557, -0.055865488946438, 0, -0.047311868518591, 0.73820233345032, 0.67291814088821, 0, 0.11828470975161, -0.6647921204567, 0.73760437965393, 0, 0, 0, 0, 1, },
		{ 0.99121016263962, 0.11889160424471, -0.058026414364576, 0, -0.045613285154104, 0.7188395857811, 0.69367790222168, 0, 0.12418416142464, -0.68493384122849, 0.71794420480728, 0, 0, 0, 0, 1, },
		{ 0.99055373668671, 0.12322518974543, -0.060157258063555, 0, -0.043644864112139, 0.69920718669891, 0.71358561515808, 0, 0.12999410927296, -0.70421934127808, 0.69798040390015, 0, 0, 0, 0, 1, },
		{ 0.98988497257233, 0.12748412787914, -0.062253054231405, 0, -0.041423782706261, 0.67939192056656, 0.73260527849197, 0, 0.13568978011608, -0.722616314888, 0.67780083417892, 0, 0, 0, 0, 1, },
		{ 0.98920696973801, 0.13165828585625, -0.064308814704418, 0, -0.038970272988081, 0.65948534011841, 0.75070655345917, 0, 0.14124746620655, -0.74009799957275, 0.65749830007553, 0, 0, 0, 0, 1, },
		{ 0.98852252960205, 0.13573782145977, -0.066319637000561, 0, -0.036307107657194, 0.63957917690277, 0.76786738634109, 0, 0.14664530754089, -0.75664639472961, 0.63716673851013, 0, 0, 0, 0, 1, },
		{ 0.98783504962921, 0.13971272110939, -0.068280510604382, 0, -0.033459831029177, 0.61976855993271, 0.78407096862793, 0, 0.15186281502247, -0.77224808931351, 0.61690390110016, 0, 0, 0, 0, 1, },
		{ 0.98714762926102, 0.14357313513756, -0.070186503231525, 0, -0.030456099659204, 0.60014921426773, 0.79930806159973, 0, 0.15688155591488, -0.78689742088318, 0.59680861234665, 0, 0, 0, 0, 1, },
		{ 0.98646402359009, 0.14730933308601, -0.072032667696476, 0, -0.027325697243214, 0.58081728219986, 0.81357508897781, 0, 0.16168501973152, -0.80059421062469, 0.5769807100296, 0, 0, 0, 0, 1, },
		{ 0.98578763008118, 0.15091136097908, -0.073814027011395, 0, -0.024100063368678, 0.56186956167221, 0.82687473297119, 0, 0.16625863313675, -0.81334394216537, 0.55752104520798, 0, 0, 0, 0, 1, },
		{ 0.98512226343155, 0.15436962246895, -0.075525715947151, 0, -0.020812168717384, 0.54340225458145, 0.83921438455582, 0, 0.17059005796909, -0.82515692710876, 0.53853040933609, 0, 0, 0, 0, 1, },
		{ 0.98447173833847, 0.15767440199852, -0.077162697911263, 0, -0.017496066167951, 0.52551037073135, 0.85060727596283, 0, 0.17466877400875, -0.83604872226715, 0.52010881900787, 0, 0, 0, 0, 1, },
		{ 0.98384004831314, 0.16081601381302, -0.078720107674599, 0, -0.014186630025506, 0.50828838348389, 0.86107009649277, 0, 0.17848637700081, -0.84603846073151, 0.50235593318939, 0, 0, 0, 0, 1, },
		{ 0.98323112726212, 0.16378484666348, -0.08019295334816, 0, -0.01091936416924, 0.49182894825935, 0.87062335014343, 0, 0.18203613162041, -0.85514837503433, 0.48536998033524, 0, 0, 0, 0, 1, },
		{ 0.98264914751053, 0.16657127439976, -0.081576339900494, 0, -0.0077298413962126, 0.47622275352478, 0.8792906999588, 0, 0.18531309068203, -0.86340361833572, 0.46924743056297, 0, 0, 0, 0, 1, },
		{ 0.98209792375565, 0.16916574537754, -0.082865290343761, 0, -0.0046537704765797, 0.46155932545662, 0.88709712028503, 0, 0.18831369280815, -0.87083053588867, 0.45408368110657, 0, 0, 0, 0, 1, },
		{ 0.98158156871796, 0.17155873775482, -0.084054961800575, 0, -0.0017263587797061, 0.44792541861534, 0.8940691947937, 0, 0.19103573262691, -0.87745672464371, 0.43997150659561, 0, 0, 0, 0, 1, },
		{ 0.98110407590866, 0.17374064028263, -0.085140272974968, 0, 0.0010178907541558, 0.43540489673615, 0.90023416280746, 0, 0.19347776472569, -0.88331007957458, 0.42700073122978, 0, 0, 0, 0, 1, },
		{ 0.98066955804825, 0.17570190131664, -0.086116477847099, 0, 0.0035454020835459, 0.42408034205437, 0.90561759471893, 0, 0.1956390440464, -0.88841688632965, 0.4152597784996, 0, 0, 0, 0, 1, },
		{ 0.98028165102005, 0.17743298411369, -0.086978487670422, 0, 0.0058236219920218, 0.41403150558472, 0.91024392843246, 0, 0.19751912355423, -0.89280194044113, 0.40483424067497, 0, 0, 0, 0, 1, },
		{ 0.97994440793991, 0.17892433702946, -0.087721467018127, 0, 0.0078218039125204, 0.40533500909805, 0.91413474082947, 0, 0.19911754131317, -0.89648729562759, 0.39580631256104, 0, 0, 0, 0, 1, },
		{ 0.97966122627258, 0.18016624450684, -0.088340401649475, 0, 0.0095107844099402, 0.3980655670166, 0.9173076748848, 0, 0.20043314993382, -0.89949089288712, 0.38825586438179, 0, 0, 0, 0, 1, },
		{ 0.97943562269211, 0.18114918470383, -0.088830441236496, 0, 0.010863540694118, 0.39229491353035, 0.91977536678314, 0, 0.20146428048611, -0.90182572603226, 0.38225969672203, 0, 0, 0, 0, 1, },
		{ 0.97927087545395, 0.18186341226101, -0.08918659389019, 0, 0.011855268850923, 0.38809269666672, 0.92154407501221, 0, 0.2022078037262, -0.90349864959717, 0.37789183855057, 0, 0, 0, 0, 1, },
		{ 0.97917002439499, 0.18229912221432, -0.089403904974461, 0, 0.012463972903788, 0.38552501797676, 0.92261320352554, 0, 0.20265901088715, -0.90450954437256, 0.37522235512733, 0, 0, 0, 0, 1, },
		{ 0.97913581132889, 0.18244653940201, -0.089477442204952, 0, 0.012670498341322, 0.38465586304665, 0.9229730963707, 0, 0.20281127095222, -0.90484970808029, 0.37431865930557, 0, 0, 0, 0, 1, },
	},
}
end
