function data()
return {
	times = { 0, 2083.333, 2125, 2166.667, 2208.333, 2250, 2291.667, 2333.333, 2375, 2416.667, 2458.333, 2500, },
	transfs = {
		{ 1, 0, 0, 0, 0, 1, 0, 0, 0, 0, 1, 0, 0, 0, 0, 1, },
		{ 1, 0, 0, 0, 0, 1, 0, 0, 0, 0, 1, 0, 0, 0, 0, 1, },
		{ 0.99999922513962, -0.00071068422403187, 0.00096020277123898, 0, 0.00075447501149029, 0.9989225268364, -0.046402674168348, 0, -0.00092619057977572, 0.046403367072344, 0.99892234802246, 0, 0, 0, 0, 1, },
		{ 0.99999010562897, -0.0026396655011922, 0.0035664604511112, 0, 0.0032124109566212, 0.98516827821732, -0.17156073451042, 0, -0.0030607006046921, 0.17157050967216, 0.98516708612442, 0, 0, 0, 0, 1, },
		{ 0.99995750188828, -0.0054822461679578, 0.007407212164253, 0, 0.0077307340689003, 0.93653881549835, -0.35047855973244, 0, -0.005015732254833, 0.35052096843719, 0.93654143810272, 0, 0, 0, 0, 1, },
		{ 0.99988716840744, -0.0089335469529033, 0.012070823460817, 0, 0.014106370508671, 0.8344150185585, -0.55095607042313, 0, -0.005150084849447, 0.55106419324875, 0.8344469666481, 0, 0, 0, 0, 1, },
		{ 0.99977242946625, -0.012688584625721, 0.017145631834865, 0, 0.021213356405497, 0.67545986175537, -0.73709160089493, 0, -0.0022285373415798, 0.73728758096695, 0.6755753159523, 0, 0, 0, 0, 1, },
		{ 0.99961787462234, -0.016442462801933, 0.022219998762012, 0, 0.027368802577257, 0.4759829044342, -0.87902855873108, 0, 0.0038770555984229, 0.87930083274841, 0.47625103592873, 0, 0, 0, 0, 1, },
		{ 0.99944061040878, -0.01989065669477, 0.026882430538535, 0, 0.031223401427269, 0.26717945933342, -0.96314072608948, 0, 0.011975068598986, 0.96344149112701, 0.26765108108521, 0, 0, 0, 0, 1, },
		{ 0.99926954507828, -0.022729197517037, 0.030721636489034, 0, 0.032540939748287, 0.08455565571785, -0.9958872795105, 0, 0.020038031041622, 0.99615949392319, 0.085233509540558, 0, 0, 0, 0, 1, },
		{ 0.99914038181305, -0.024654686450958, 0.033326558768749, 0, 0.032287232577801, -0.041416063904762, -0.99862015247345, 0, 0.026000922545791, 0.99883776903152, -0.040584430098534, 0, 0, 0, 0, 1, },
		{ 0.99909007549286, -0.025363935157657, 0.034286223351955, 0, 0.031939309090376, -0.087766595184803, -0.9956288933754, 0, 0.028262251988053, 0.99581807851791, -0.086876630783081, 0, 0, 0, 0, 1, },
	},
}
end
