function data()
return {
	times = { 0, 41.667, 83.333, 125, 166.667, 208.333, 250, 291.667, 333.333, 375, 416.667, 458.333, 500, 541.667, 583.333, 625, 666.667, 708.333, 750, 791.667, 833.333, 875, 916.667, 958.333, 1000, 1041.667, 1083.333, 1125, 1166.667, 1208.333, 1250, 1291.667, 1333.333, 1375, 1416.667, 1458.333, 1500, 1541.667, 1583.333, 1625, 1666.667, 1708.333, 1750, 1791.667, 1833.333, 1875, 1916.667, 1958.333, 2000, 2041.667, 2083.333, 2125, 2166.667, 2208.333, 2250, 2291.667, 2333.333, 2375, 2416.667, 2458.333, 2500, },
	transfs = {
		{ 1, 0, 0, 0, 0, 1, 0, 0, 0, 0, 1, 0, 0, 0, 0, 1, },
		{ 1, -0.00016167636204045, -5.505441367859e-05, 0, 0.0001616224180907, 0.99999952316284, -0.00097829301375896, 0, 5.5212552979356e-05, 0.00097828404977918, 0.99999952316284, 0, 0, 0, 0, 1, },
		{ 0.99999970197678, -0.00063943909481168, -0.00021774333436042, 0, 0.00063859176589176, 0.99999225139618, -0.0038691952358931, 0, 0.00022021576296538, 0.0038690555375069, 0.99999243021011, 0, 0, 0, 0, 1, },
		{ 0.99999886751175, -0.001422387897037, -0.00048435508506373, 0, 0.0014181666774675, 0.99996197223663, -0.008606675080955, 0, 0.00049657869385555, 0.0086059775203466, 0.99996280670166, 0, 0, 0, 0, 1, },
		{ 0.9999965429306, -0.0024996227584779, -0.0008511784253642, 0, 0.0024864641018212, 0.99988251924515, -0.015124495141208, 0, 0.00088888389291242, 0.015122325159609, 0.99988526105881, 0, 0, 0, 0, 1, },
		{ 0.99999171495438, -0.0038602370768785, -0.0013145010452718, 0, 0.0038284859620035, 0.99971985816956, -0.023355983197689, 0, 0.0014042924158275, 0.023350754752755, 0.99972635507584, 0, 0, 0, 0, 1, },
		{ 0.99998319149017, -0.0054933265782893, -0.0018706121481955, 0, 0.0054281344637275, 0.99943280220032, -0.033233817666769, 0, 0.0020521155092865, 0.033223103731871, 0.99944585561752, 0, 0, 0, 0, 1, },
		{ 0.99996954202652, -0.0073879738338292, -0.0025157984346151, 0, 0.007268188521266, 0.99897450208664, -0.044689677655697, 0, 0.0028433846309781, 0.044670030474663, 0.99899768829346, 0, 0, 0, 0, 1, },
		{ 0.99994921684265, -0.0095332618802786, -0.0032463492825627, 0, 0.0093302968889475, 0.99829304218292, -0.057654030621052, 0, 0.0037904388736933, 0.057620823383331, 0.99833130836487, 0, 0, 0, 0, 1, },
		{ 0.99992072582245, -0.011918253265321, -0.004058551043272, 0, 0.011594947427511, 0.9973332285881, -0.072055794298649, 0, 0.0049065072089434, 0.072003029286861, 0.99739235639572, 0, 0, 0, 0, 1, },
		{ 0.99988216161728, -0.014532016590238, -0.0049486914649606, 0, 0.014041478745639, 0.99603718519211, -0.087822109460831, 0, 0.0062053129076958, 0.087742276489735, 0.99612390995026, 0, 0, 0, 0, 1, },
		{ 0.99983167648315, -0.017363587394357, -0.0059130559675395, 0, 0.016648063436151, 0.99434572458267, -0.10487801581621, 0, 0.0077006807550788, 0.10476193577051, 0.9944674372673, 0, 0, 0, 0, 1, },
		{ 0.99976772069931, -0.020402010530233, -0.0069479341618717, 0, 0.019391745328903, 0.9921989440918, -0.12314642965794, 0, 0.0094061689451337, 0.12298309057951, 0.99236416816711, 0, 0, 0, 0, 1, },
		{ 0.99968814849854, -0.023636298254132, -0.0080496119335294, 0, 0.022248493507504, 0.98953777551651, -0.14254775643349, 0, 0.011334696784616, 0.14232420921326, 0.98975515365601, 0, 0, 0, 0, 1, },
		{ 0.99959141016006, -0.027055449783802, -0.0092143705114722, 0, 0.025193253532052, 0.98630434274673, -0.16300015151501, 0, 0.013498216867447, 0.16270142793655, 0.98658299446106, 0, 0, 0, 0, 1, },
		{ 0.99947571754456, -0.03064844943583, -0.010438499972224, 0, 0.028200084343553, 0.9824430346489, -0.18441906571388, 0, 0.015907390043139, 0.18402801454067, 0.98279219865799, 0, 0, 0, 0, 1, },
		{ 0.99933928251266, -0.034404300153255, -0.011718280613422, 0, 0.031242286786437, 0.97790163755417, -0.2067177593708, 0, 0.018571306020021, 0.20621506869793, 0.97833043336868, 0, 0, 0, 0, 1, },
		{ 0.99918061494827, -0.038311917334795, -0.013049999251962, 0, 0.034292507916689, 0.97263187170029, -0.22980695962906, 0, 0.021497189998627, 0.22917115688324, 0.97314864397049, 0, 0, 0, 0, 1, },
		{ 0.99899816513062, -0.04236026853323, -0.014429940842092, 0, 0.037323042750359, 0.96658998727798, -0.25359544157982, 0, 0.024690210819244, 0.2528028190136, 0.96720272302628, 0, 0, 0, 0, 1, },
		{ 0.99879068136215, -0.046538300812244, -0.015854388475418, 0, 0.040305953472853, 0.9597379565239, -0.27799010276794, 0, 0.028153244405985, 0.27701488137245, 0.96045303344727, 0, 0, 0, 0, 1, },
		{ 0.99855679273605, -0.050834909081459, -0.01731962710619, 0, 0.043213356286287, 0.95204341411591, -0.30289602279663, 0, 0.031886726617813, 0.30171045660973, 0.95286619663239, 0, 0, 0, 0, 1, },
		{ 0.99829566478729, -0.055239029228687, -0.018821930512786, 0, 0.046017691493034, 0.94348061084747, -0.32821735739708, 0, 0.035888534039259, 0.32679185271263, 0.9444146156311, 0, 0, 0, 0, 1, },
		{ 0.9980064034462, -0.05973955988884, -0.020357593894005, 0, 0.048691984266043, 0.93403095006943, -0.35385754704475, 0, 0.040153913199902, 0.35216084122658, 0.93507778644562, 0, 0, 0, 0, 1, },
		{ 0.99768805503845, -0.064325384795666, -0.021922888234258, 0, 0.051210127770901, 0.9236832857132, -0.37971925735474, 0, 0.044675391167402, 0.37771871685982, 0.92484194040298, 0, 0, 0, 0, 1, },
		{ 0.99734050035477, -0.068985469639301, -0.023514108732343, 0, 0.053547251969576, 0.91243356466293, -0.40570631623268, 0, 0.049442909657955, 0.4033682346344, 0.91370093822479, 0, 0, 0, 0, 1, },
		{ 0.99696320295334, -0.07370863109827, -0.025127528235316, 0, 0.055679857730865, 0.90028643608093, -0.43172225356102, 0, 0.054443635046482, 0.42901206016541, 0.90165650844574, 0, 0, 0, 0, 1, },
		{ 0.99655616283417, -0.078483872115612, -0.026759441941977, 0, 0.057586364448071, 0.88725388050079, -0.45767277479172, 0, 0.059662353247404, 0.45455569028854, 0.88871783018112, 0, 0, 0, 0, 1, },
		{ 0.99611949920654, -0.083300061523914, -0.028406105935574, 0, 0.059247151017189, 0.87335610389709, -0.48346543312073, 0, 0.065081350505352, 0.47990638017654, 0.8749024271965, 0, 0, 0, 0, 1, },
		{ 0.99565368890762, -0.088146157562733, -0.030063837766647, 0, 0.060644954442978, 0.85862147808075, -0.50901013612747, 0, 0.070680752396584, 0.50497472286224, 0.86023527383804, 0, 0, 0, 0, 1, },
		{ 0.99515932798386, -0.093011096119881, -0.031728900969028, 0, 0.061765097081661, 0.84308582544327, -0.53422027826309, 0, 0.07643860578537, 0.52967458963394, 0.84474962949753, 0, 0, 0, 0, 1, },
		{ 0.99463731050491, -0.097883865237236, -0.03339758887887, 0, 0.062595665454865, 0.82679277658463, -0.55901288986206, 0, 0.082331232726574, 0.55392456054688, 0.8284860253334, 0, 0, 0, 0, 1, },
		{ 0.99408859014511, -0.102753482759, -0.035066187381744, 0, 0.063127838075161, 0.80979335308075, -0.58330917358398, 0, 0.088333405554295, 0.57764732837677, 0.81149291992188, 0, 0, 0, 0, 1, },
		{ 0.99351453781128, -0.10760898143053, -0.036730989813805, 0, 0.063355825841427, 0.79214525222778, -0.60703527927399, 0, 0.094418734312057, 0.60077130794525, 0.79382544755936, 0, 0, 0, 0, 1, },
		{ 0.99291670322418, -0.11243933439255, -0.038388222455978, 0, 0.063277177512646, 0.77391296625137, -0.63012272119522, 0, 0.10055972635746, 0.62323033809662, 0.77554595470428, 0, 0, 0, 0, 1, },
		{ 0.99229711294174, -0.1172337308526, -0.040034279227257, 0, 0.062892697751522, 0.7551663517952, -0.6525092124939, 0, 0.10672863572836, 0.64496511220932, 0.75672256946564, 0, 0, 0, 0, 1, },
		{ 0.99165749549866, -0.12198121845722, -0.041665367782116, 0, 0.062206726521254, 0.73598164319992, -0.67413735389709, 0, 0.11289705336094, 0.6659215092659, 0.73742979764938, 0, 0, 0, 0, 1, },
		{ 0.99100023508072, -0.12667115032673, -0.043277807533741, 0, 0.061226885765791, 0.71643877029419, -0.69495809078217, 0, 0.11903703957796, 0.68605381250381, 0.7177466750145, 0, 0, 0, 0, 1, },
		{ 0.99032771587372, -0.13129250705242, -0.044867876917124, 0, 0.059964165091515, 0.69662320613861, -0.71492671966553, 0, 0.1251205354929, 0.70532137155533, 0.69775825738907, 0, 0, 0, 0, 1, },
		{ 0.98964285850525, -0.13583469390869, -0.046431891620159, 0, 0.058432720601559, 0.67662304639816, -0.73400741815567, 0, 0.13112056255341, 0.72369205951691, 0.67755228281021, 0, 0, 0, 0, 1, },
		{ 0.98894834518433, -0.14028698205948, -0.047966126352549, 0, 0.056650001555681, 0.65652984380722, -0.75216972827911, 0, 0.1370108127594, 0.74113970994949, 0.6572213768959, 0, 0, 0, 0, 1, },
		{ 0.98824727535248, -0.14463873207569, -0.049466911703348, 0, 0.054636225104332, 0.63643735647202, -0.7693909406662, 0, 0.14276632666588, 0.75764578580856, 0.63685995340347, 0, 0, 0, 0, 1, },
		{ 0.98754286766052, -0.1488793939352, -0.050930522382259, 0, 0.052414562553167, 0.6164413690567, -0.78565430641174, 0, 0.14836342632771, 0.773197889328, 0.61656564474106, 0, 0, 0, 0, 1, },
		{ 0.98683869838715, -0.15299825370312, -0.052353203296661, 0, 0.05001063272357, 0.59663897752762, -0.80094999074936, 0, 0.1537799090147, 0.78779023885727, 0.59643799066544, 0, 0, 0, 0, 1, },
		{ 0.98613828420639, -0.15698491036892, -0.053731340914965, 0, 0.047452215105295, 0.57712703943253, -0.81527459621429, 0, 0.15899561345577, 0.80142372846603, 0.57657635211945, 0, 0, 0, 0, 1, },
		{ 0.98544526100159, -0.16082893311977, -0.05506119504571, 0, 0.044769331812859, 0.55800342559814, -0.82863008975983, 0, 0.16399203240871, 0.81410455703735, 0.55708199739456, 0, 0, 0, 0, 1, },
		{ 0.98476344347, -0.16451986134052, -0.056339077651501, 0, 0.041993603110313, 0.53936523199081, -0.84102421998978, 0, 0.16875253617764, 0.82584404945374, 0.53805589675903, 0, 0, 0, 0, 1, },
		{ 0.98409688472748, -0.16804730892181, -0.057561282068491, 0, 0.039158076047897, 0.52130889892578, -0.85246914625168, 0, 0.17326235771179, 0.83665829896927, 0.51959890127182, 0, 0, 0, 0, 1, },
		{ 0.98344963788986, -0.17140094935894, -0.058724090456963, 0, 0.03629681840539, 0.50392913818359, -0.86298203468323, 0, 0.17750872671604, 0.8465678691864, 0.50181019306183, 0, 0, 0, 0, 1, },
		{ 0.98282563686371, -0.17457042634487, -0.059823878109455, 0, 0.033444717526436, 0.48731976747513, -0.87258285284042, 0, 0.18148052692413, 0.85559606552124, 0.48478883504868, 0, 0, 0, 0, 1, },
		{ 0.9822291135788, -0.17754547297955, -0.060856867581606, 0, 0.030637226998806, 0.47157281637192, -0.88129478693008, 0, 0.18516834080219, 0.86376881599426, 0.46863201260567, 0, 0, 0, 0, 1, },
		{ 0.98166418075562, -0.18031579256058, -0.061819456517696, 0, 0.027909591794014, 0.45677748322487, -0.88914304971695, 0, 0.18856427073479, 0.87111455202103, 0.45343461632729, 0, 0, 0, 0, 1, },
		{ 0.9811350107193, -0.18287114799023, -0.062707848846912, 0, 0.025297198444605, 0.44302153587341, -0.89615398645401, 0, 0.1916616410017, 0.87766170501709, 0.43929004669189, 0, 0, 0, 0, 1, },
		{ 0.98064559698105, -0.18520128726959, -0.063518449664116, 0, 0.022834569215775, 0.43038991093636, -0.90235418081284, 0, 0.19445484876633, 0.88343930244446, 0.4262889623642, 0, 0, 0, 0, 1, },
		{ 0.98020023107529, -0.1872959882021, -0.064247503876686, 0, 0.020555645227432, 0.41896551847458, -0.90776944160461, 0, 0.19693905115128, 0.8884751200676, 0.41452008485794, 0, 0, 0, 0, 1, },
		{ 0.97980266809464, -0.18914493918419, -0.06489136070013, 0, 0.01849290728569, 0.40882834792137, -0.91242390871048, 0, 0.19910980761051, 0.89279532432556, 0.4040689766407, 0, 0, 0, 0, 1, },
		{ 0.97945684194565, -0.19073787331581, -0.065446272492409, 0, 0.016677478328347, 0.40005603432655, -0.91633892059326, 0, 0.20096272230148, 0.89642304182053, 0.39501866698265, 0, 0, 0, 0, 1, },
		{ 0.97916656732559, -0.19206453859806, -0.06590860337019, 0, 0.015138568356633, 0.39272344112396, -0.91953194141388, 0, 0.20249333977699, 0.89937728643417, 0.38744929432869, 0, 0, 0, 0, 1, },
		{ 0.97893530130386, -0.19311448931694, -0.066274628043175, 0, 0.013903212733567, 0.38690304756165, -0.92201548814774, 0, 0.20369642972946, 0.90167224407196, 0.38143801689148, 0, 0, 0, 0, 1, },
		{ 0.97876650094986, -0.19387747347355, -0.066540651023388, 0, 0.012995992787182, 0.38266450166702, -0.92379587888718, 0, 0.20456595718861, 0.90331572294235, 0.37705883383751, 0, 0, 0, 0, 1, },
		{ 0.97866308689117, -0.19434291124344, -0.066702976822853, 0, 0.01243853662163, 0.38007485866547, -0.9248720407486, 0, 0.20509445667267, 0.90430855751038, 0.37438261508942, 0, 0, 0, 0, 1, },
		{ 0.97862809896469, -0.19450046122074, -0.066757917404175, 0, 0.012249313294888, 0.37919828295708, -0.92523431777954, 0, 0.20527300238609, 0.9046425819397, 0.37347659468651, 0, 0, 0, 0, 1, },
	},
}
end
