function data()
return {
	times = { 0, 41.667, 83.333, 125, 166.667, 208.333, 250, 291.667, 333.333, 375, 416.667, 458.333, 500, 541.667, 583.333, 625, 666.667, 708.333, 750, 791.667, 833.333, 875, 916.667, 958.333, 1000, 1041.667, 1083.333, 1125, 1166.667, 1208.333, 1250, 1291.667, 1333.333, 1375, 1416.667, 1458.333, 1500, 1541.667, 1583.333, 1625, 1666.667, 1708.333, 1750, 1791.667, 1833.333, 1875, 1916.667, 1958.333, 2000, 2041.667, 2083.333, 2125, 2166.667, 2208.333, 2250, 2291.667, 2333.333, 2375, 2416.667, 2458.333, 2500, },
	transfs = {
		{ 1, 0, 0, 0, 0, 1, 0, 0, 0, 0, 1, 0, 0, 0, 0, 1, },
		{ 0.99999904632568, 0, 0.0013447907986119, 0, 0, 1, 0, 0, -0.0013447907986119, 0, 0.99999904632568, 0, 0, 0, 0, 1, },
		{ 0.99998581409454, 0, 0.0053186998702586, 0, 0, 1, 0, 0, -0.0053186998702586, 0, 0.99998581409454, 0, 0, 0, 0, 1, },
		{ 0.99993002414703, 0, 0.0118308654055, 0, 0, 1, 0, 0, -0.0118308654055, 0, 0.99993002414703, 0, 0, 0, 0, 1, },
		{ 0.9997838139534, 0, 0.020789876580238, 0, 0, 1, 0, 0, -0.020789876580238, 0, 0.9997838139534, 0, 0, 0, 0, 1, },
		{ 0.99948447942734, 0, 0.032103259116411, 0, 0, 1, 0, 0, -0.032103259116411, 0, 0.99948447942734, 0, 0, 0, 0, 1, },
		{ 0.99895626306534, 0, 0.045676786452532, 0, 0, 1, 0, 0, -0.045676786452532, 0, 0.99895626306534, 0, 0, 0, 0, 1, },
		{ 0.99811238050461, 0, 0.06141372770071, 0, 0, 1, 0, 0, -0.06141372770071, 0, 0.99811238050461, 0, 0, 0, 0, 1, },
		{ 0.9968575835228, 0, 0.07921426743269, 0, 0, 1, 0, 0, -0.07921426743269, 0, 0.9968575835228, 0, 0, 0, 0, 1, },
		{ 0.99508994817734, 0, 0.098974503576756, 0, 0, 1, 0, 0, -0.098974503576756, 0, 0.99508994817734, 0, 0, 0, 0, 1, },
		{ 0.99270290136337, 0, 0.12058590352535, 0, 0, 1, 0, 0, -0.12058590352535, 0, 0.99270290136337, 0, 0, 0, 0, 1, },
		{ 0.98958712816238, 0, 0.14393492043018, 0, 0, 1, 0, 0, -0.14393492043018, 0, 0.98958712816238, 0, 0, 0, 0, 1, },
		{ 0.9856328368187, 0, 0.16890208423138, 0, 0, 1, 0, 0, -0.16890208423138, 0, 0.9856328368187, 0, 0, 0, 0, 1, },
		{ 0.98073118925095, 0, 0.19536207616329, 0, 0, 1, 0, 0, -0.19536207616329, 0, 0.98073118925095, 0, 0, 0, 0, 1, },
		{ 0.97477650642395, 0, 0.22318306565285, 0, 0, 1, 0, 0, -0.22318306565285, 0, 0.97477650642395, 0, 0, 0, 0, 1, },
		{ 0.96766799688339, 0, 0.25222742557526, 0, 0, 1, 0, 0, -0.25222742557526, 0, 0.96766799688339, 0, 0, 0, 0, 1, },
		{ 0.95931112766266, 0, 0.28235113620758, 0, 0, 1, 0, 0, -0.28235113620758, 0, 0.95931112766266, 0, 0, 0, 0, 1, },
		{ 0.9496197104454, 0, 0.31340435147285, 0, 0, 1, 0, 0, -0.31340435147285, 0, 0.9496197104454, 0, 0, 0, 0, 1, },
		{ 0.93851721286774, 0, 0.3452322781086, 0, 0, 1, 0, 0, -0.3452322781086, 0, 0.93851721286774, 0, 0, 0, 0, 1, },
		{ 0.92593795061111, 0, 0.37767562270164, 0, 0, 1, 0, 0, -0.37767562270164, 0, 0.92593795061111, 0, 0, 0, 0, 1, },
		{ 0.91182857751846, 0, 0.41057112812996, 0, 0, 1, 0, 0, -0.41057112812996, 0, 0.91182857751846, 0, 0, 0, 0, 1, },
		{ 0.89614903926849, 0, 0.44375318288803, 0, 0, 1, 0, 0, -0.44375318288803, 0, 0.89614903926849, 0, 0, 0, 0, 1, },
		{ 0.87887346744537, 0, 0.47705498337746, 0, 0, 1, 0, 0, -0.47705498337746, 0, 0.87887346744537, 0, 0, 0, 0, 1, },
		{ 0.8599910736084, 0, 0.51030904054642, 0, 0, 1, 0, 0, -0.51030904054642, 0, 0.8599910736084, 0, 0, 0, 0, 1, },
		{ 0.83950638771057, 0, 0.54334980249405, 0, 0, 1, 0, 0, -0.54334980249405, 0, 0.83950638771057, 0, 0, 0, 0, 1, },
		{ 0.81743967533112, 0, 0.57601404190063, 0, 0, 1, 0, 0, -0.57601404190063, 0, 0.81743967533112, 0, 0, 0, 0, 1, },
		{ 0.7938272356987, 0, 0.60814332962036, 0, 0, 1, 0, 0, -0.60814332962036, 0, 0.7938272356987, 0, 0, 0, 0, 1, },
		{ 0.76872092485428, 0, 0.63958430290222, 0, 0, 1, 0, 0, -0.63958430290222, 0, 0.76872092485428, 0, 0, 0, 0, 1, },
		{ 0.74218785762787, 0, 0.67019194364548, 0, 0, 1, 0, 0, -0.67019194364548, 0, 0.74218785762787, 0, 0, 0, 0, 1, },
		{ 0.71431005001068, 0, 0.69982928037643, 0, 0, 1, 0, 0, -0.69982928037643, 0, 0.71431005001068, 0, 0, 0, 0, 1, },
		{ 0.6851834654808, 0, 0.72837048768997, 0, 0, 1, 0, 0, -0.72837048768997, 0, 0.6851834654808, 0, 0, 0, 0, 1, },
		{ 0.65491777658463, 0, 0.75570011138916, 0, 0, 1, 0, 0, -0.75570011138916, 0, 0.65491777658463, 0, 0, 0, 0, 1, },
		{ 0.62363350391388, 0, 0.78171676397324, 0, 0, 1, 0, 0, -0.78171676397324, 0, 0.62363350391388, 0, 0, 0, 0, 1, },
		{ 0.59146350622177, 0, 0.80633175373077, 0, 0, 1, 0, 0, -0.80633175373077, 0, 0.59146350622177, 0, 0, 0, 0, 1, },
		{ 0.55854845046997, 0, 0.82947182655334, 0, 0, 1, 0, 0, -0.82947182655334, 0, 0.55854845046997, 0, 0, 0, 0, 1, },
		{ 0.525037586689, 0, 0.85107898712158, 0, 0, 1, 0, 0, -0.85107898712158, 0, 0.525037586689, 0, 0, 0, 0, 1, },
		{ 0.4910871386528, 0, 0.87111043930054, 0, 0, 1, 0, 0, -0.87111043930054, 0, 0.4910871386528, 0, 0, 0, 0, 1, },
		{ 0.4568572640419, 0, 0.88954001665115, 0, 0, 1, 0, 0, -0.88954001665115, 0, 0.4568572640419, 0, 0, 0, 0, 1, },
		{ 0.42251273989677, 0, 0.90635699033737, 0, 0, 1, 0, 0, -0.90635699033737, 0, 0.42251273989677, 0, 0, 0, 0, 1, },
		{ 0.38821879029274, 0, 0.92156726121902, 0, 0, 1, 0, 0, -0.92156726121902, 0, 0.38821879029274, 0, 0, 0, 0, 1, },
		{ 0.35414099693298, 0, 0.93519204854965, 0, 0, 1, 0, 0, -0.93519204854965, 0, 0.35414099693298, 0, 0, 0, 0, 1, },
		{ 0.32044556736946, 0, 0.94726693630219, 0, 0, 1, 0, 0, -0.94726693630219, 0, 0.32044556736946, 0, 0, 0, 0, 1, },
		{ 0.28729516267776, 0, 0.95784205198288, 0, 0, 1, 0, 0, -0.95784205198288, 0, 0.28729516267776, 0, 0, 0, 0, 1, },
		{ 0.25484839081764, 0, 0.96698093414307, 0, 0, 1, 0, 0, -0.96698093414307, 0, 0.25484839081764, 0, 0, 0, 0, 1, },
		{ 0.2232614159584, 0, 0.97475862503052, 0, 0, 1, 0, 0, -0.97475862503052, 0, 0.2232614159584, 0, 0, 0, 0, 1, },
		{ 0.19268383085728, 0, 0.98126083612442, 0, 0, 1, 0, 0, -0.98126083612442, 0, 0.19268383085728, 0, 0, 0, 0, 1, },
		{ 0.16325977444649, 0, 0.9865830540657, 0, 0, 1, 0, 0, -0.9865830540657, 0, 0.16325977444649, 0, 0, 0, 0, 1, },
		{ 0.13512694835663, 0, 0.9908282160759, 0, 0, 1, 0, 0, -0.9908282160759, 0, 0.13512694835663, 0, 0, 0, 0, 1, },
		{ 0.10841695219278, 0, 0.99410545825958, 0, 0, 1, 0, 0, -0.99410545825958, 0, 0.10841695219278, 0, 0, 0, 0, 1, },
		{ 0.083255536854267, 0, 0.99652820825577, 0, 0, 1, 0, 0, -0.99652820825577, 0, 0.083255536854267, 0, 0, 0, 0, 1, },
		{ 0.059759397059679, 0, 0.99821275472641, 0, 0, 1, 0, 0, -0.99821275472641, 0, 0.059759397059679, 0, 0, 0, 0, 1, },
		{ 0.038042463362217, 0, 0.99927604198456, 0, 0, 1, 0, 0, -0.99927604198456, 0, 0.038042463362217, 0, 0, 0, 0, 1, },
		{ 0.018211286514997, 0, 0.99983417987823, 0, 0, 1, 0, 0, -0.99983417987823, 0, 0.018211286514997, 0, 0, 0, 0, 1, },
		{ 0.00036738306516781, 0, 0.99999988079071, 0, 0, 1, 0, 0, -0.99999988079071, 0, 0.00036738306516781, 0, 0, 0, 0, 1, },
		{ -0.015391663648188, 0, 0.99988150596619, 0, 0, 1, 0, 0, -0.99988150596619, 0, -0.015391663648188, 0, 0, 0, 0, 1, },
		{ -0.028972068801522, 0, 0.9995801448822, 0, 0, 1, 0, 0, -0.9995801448822, 0, -0.028972068801522, 0, 0, 0, 0, 1, },
		{ -0.040282193571329, 0, 0.99918830394745, 0, 0, 1, 0, 0, -0.99918830394745, 0, -0.040282193571329, 0, 0, 0, 0, 1, },
		{ -0.0492336563766, 0, 0.9987872838974, 0, 0, 1, 0, 0, -0.9987872838974, 0, -0.0492336563766, 0, 0, 0, 0, 1, },
		{ -0.055737160146236, 0, 0.99844539165497, 0, 0, 1, 0, 0, -0.99844539165497, 0, -0.055737160146236, 0, 0, 0, 0, 1, },
		{ -0.059704769402742, 0, 0.99821603298187, 0, 0, 1, 0, 0, -0.99821603298187, 0, -0.059704769402742, 0, 0, 0, 0, 1, },
		{ -0.061046808958054, 0, 0.99813491106033, 0, 0, 1, 0, 0, -0.99813491106033, 0, -0.061046808958054, 0, 0, 0, 0, 1, },
	},
}
end
