function data()
return {
	times = { 0, 2083.333, 2125, 2166.667, 2208.333, 2250, 2291.667, 2333.333, 2375, 2416.667, 2458.333, 2500, },
	transfs = {
		{ 1, 0, 0, 0, 0, 1, 0, 0, 0, 0, 1, 0, 0, 0, 0, 1, },
		{ 1, 0, 0, 0, 0, 1, 0, 0, 0, 0, 1, 0, 0, 0, 0, 1, },
		{ 0.99999940395355, 0.00070733169559389, 0.00081063288962469, 0, -0.00074183178367093, 0.99905830621719, 0.043380528688431, 0, -0.00077918509487063, -0.043381102383137, 0.99905830621719, 0, 0, 0, 0, 1, },
		{ 0.99999195337296, 0.0026272176764905, 0.0030109176877886, 0, -0.0030763719696552, 0.98703420162201, 0.16048061847687, 0, -0.0025502613279969, -0.16048860549927, 0.98703438043594, 0, 0, 0, 0, 1, },
		{ 0.99996554851532, 0.0054564266465604, 0.0062534143216908, 0, -0.0072080977261066, 0.94446557760239, 0.32853135466576, 0, -0.0041135270148516, -0.3285650908947, 0.94447237253189, 0, 0, 0, 0, 1, },
		{ 0.99990850687027, 0.0088915908709168, 0.010190634988248, 0, -0.012888795696199, 0.85477352142334, 0.51884114742279, 0, -0.0040973615832627, -0.51892501115799, 0.8548099398613, 0, 0, 0, 0, 1, },
		{ 0.99981546401978, 0.012629261240363, 0.014475076459348, 0, -0.019151033833623, 0.7143092751503, 0.69956809282303, 0, -0.0015046534826979, -0.6997162103653, 0.7144193649292, 0, 0, 0, 0, 1, },
		{ 0.99969005584717, 0.016366060823202, 0.018759254366159, 0, -0.024611685425043, 0.53637802600861, 0.84361892938614, 0, 0.0037446671631187, -0.84381914138794, 0.53661453723907, 0, 0, 0, 0, 1, },
		{ 0.99954634904861, 0.019798893481493, 0.022695768624544, 0, -0.028168223798275, 0.34781336784363, 0.93714052438736, 0, 0.010660451836884, -0.93735474348068, 0.34821325540543, 0, 0, 0, 0, 1, },
		{ 0.99940747022629, 0.022625064477324, 0.025937329977751, 0, -0.029602078720927, 0.18055388331413, 0.9831195473671, 0, 0.017560055479407, -0.98330479860306, 0.18111665546894, 0, 0, 0, 0, 1, },
		{ 0.99930268526077, 0.024542331695557, 0.028136823326349, 0, -0.029650082811713, 0.063646405935287, 0.99753195047379, 0, 0.022690951824188, -0.99767065048218, 0.064329713582993, 0, 0, 0, 0, 1, },
		{ 0.99926197528839, 0.025248574092984, 0.028947120532393, 0, -0.029462043195963, 0.020266128703952, 0.99936044216156, 0, 0.0246457811445, -0.99947571754456, 0.020995046943426, 0, 0, 0, 0, 1, },
	},
}
end
