function data()
return {
	times = { 0, 2083.333, 2125, 2166.667, 2208.333, 2250, 2291.667, 2333.333, 2375, 2416.667, 2458.333, 2500, },
	transfs = {
		{ 1, 0, 0, 0, 0, 1, 0, 0, 0, 0, 1, 0, 0, 0, 0, 1, },
		{ 1, 0, 0, 0, 0, 1, 0, 0, 0, 0, 1, 0, 0, 0, 0, 1, },
		{ 0.99999922513962, 0.00064962543547153, 0.0010476000607014, 0, -0.00069754442665726, 0.99892222881317, 0.046409487724304, 0, -0.0010163222905248, -0.04641018807888, 0.9989218711853, 0, 0, 0, 0, 1, },
		{ 0.99998944997787, 0.0024128751829267, 0.0038910761941224, 0, -0.003044763347134, 0.98516446352005, 0.17158550024033, 0, -0.0034193359315395, -0.17159554362297, 0.98516148328781, 0, 0, 0, 0, 1, },
		{ 0.99995470046997, 0.0050112144090235, 0.0080813998356462, 0, -0.007526196539402, 0.93652278184891, 0.35052597522736, 0, -0.005811853799969, -0.35057094693184, 0.93651813268661, 0, 0, 0, 0, 1, },
		{ 0.99987995624542, 0.0081659238785505, 0.013169446960092, 0, -0.014071748591959, 0.83437329530716, 0.55102008581161, 0, -0.0064886473119259, -0.55113929510117, 0.83438801765442, 0, 0, 0, 0, 1, },
		{ 0.99975776672363, 0.011598167940974, 0.018706042319536, 0, -0.021627621725202, 0.67537939548492, 0.73715323209763, 0, -0.0040840497240424, -0.73737925291061, 0.67546653747559, 0, 0, 0, 0, 1, },
		{ 0.99959307909012, 0.015029210597277, 0.024242080748081, 0, -0.028473621234298, 0.47585543990135, 0.87906241416931, 0, 0.001675889827311, -0.87939500808716, 0.47608977556229, 0, 0, 0, 0, 1, },
		{ 0.99940448999405, 0.018180688843131, 0.029328593984246, 0, -0.033121187239885, 0.26700508594513, 0.96312576532364, 0, 0.0096794050186872, -0.96352362632751, 0.26744821667671, 0, 0, 0, 0, 1, },
		{ 0.99922221899033, 0.020774843171239, 0.033516921103001, 0, -0.035156261175871, 0.084343157708645, 0.99581640958786, 0, 0.017861006781459, -0.99622011184692, 0.085007928311825, 0, 0, 0, 0, 1, },
		{ 0.99908465147018, 0.022534467279911, 0.036358673125505, 0, -0.035398088395596, -0.041652765125036, 0.99850481748581, 0, 0.024015214294195, -0.99887800216675, -0.040816962718964, 0, 0, 0, 0, 1, },
		{ 0.99903118610382, 0.023182591423392, 0.037405554205179, 0, -0.03523088619113, -0.088011391460896, 0.99549627304077, 0, 0.026370299980044, -0.995849609375, -0.087109379470348, 0, 0, 0, 0, 1, },
	},
}
end
