function data()
return {
	times = { 0, 2083.333, 2125, 2166.667, 2208.333, 2250, 2291.667, 2333.333, 2375, 2416.667, 2458.333, 2500, },
	transfs = {
		{ 1, 0, 0, 0, 0, 1, 0, 0, 0, 0, 1, 0, 0, 0, 0, 1, },
		{ 1, 0, 0, 0, 0, 1, 0, 0, 0, 0, 1, 0, 0, 0, 0, 1, },
		{ 0.99999940395355, -0.00070489052450284, 0.00081442156806588, 0, 0.00073955679545179, 0.99905830621719, -0.043379943817854, 0, -0.000783076568041, 0.04338052123785, 0.99905830621719, 0, 0, 0, 0, 1, },
		{ 0.99999195337296, -0.0026181503199041, 0.0030249892733991, 0, 0.0030696752946824, 0.98703455924988, -0.16047847270966, 0, -0.0025656125508249, 0.16048647463322, 0.98703467845917, 0, 0, 0, 0, 1, },
		{ 0.99996542930603, -0.0054375953041017, 0.0062826387584209, 0, 0.0071998946368694, 0.94446706771851, -0.32852700352669, 0, -0.0041473489254713, 0.32856085896492, 0.94447368383408, 0, 0, 0, 0, 1, },
		{ 0.99990832805634, -0.0088609037920833, 0.010238262824714, 0, 0.01288724783808, 0.85477733612061, -0.51883471012115, 0, -0.0041540912352502, 0.51891911029816, 0.85481321811676, 0, 0, 0, 0, 1, },
		{ 0.99981498718262, -0.012585668824613, 0.014542728662491, 0, 0.019167210906744, 0.71431678533554, -0.69955998659134, 0, -0.0015836840029806, 0.69970935583115, 0.71442586183548, 0, 0, 0, 0, 1, },
		{ 0.99968928098679, -0.0163095574826, 0.018846916034818, 0, 0.02465538866818, 0.53638988733292, -0.84361004829407, 0, 0.0036496133543551, 0.8438127040863, 0.53662532567978, 0, 0, 0, 0, 1, },
		{ 0.99954521656036, -0.019730515778065, 0.02280181273818, 0, 0.028244007378817, 0.34782892465591, -0.93713241815567, 0, 0.010558975860476, 0.93735039234161, 0.34822803735733, 0, 0, 0, 0, 1, },
		{ 0.99940609931946, -0.022546924650669, 0.026058530434966, 0, 0.029707467183471, 0.18057186901569, -0.98311305046082, 0, 0.017460737377405, 0.98330330848694, 0.18113444745541, 0, 0, 0, 0, 1, },
		{ 0.99930113554001, -0.024457545951009, 0.028268279507756, 0, 0.029776295647025, 0.063666068017483, -0.99752694368362, 0, 0.022597331553698, 0.9976714849472, 0.064349830150604, 0, 0, 0, 0, 1, },
		{ 0.99926030635834, -0.025161352008581, 0.029082369059324, 0, 0.029595963656902, 0.02028626948595, -0.99935603141785, 0, 0.024555174633861, 0.9994775056839, 0.021015936508775, 0, 0, 0, 0, 1, },
	},
}
end
