function data()
return {
	times = { 0, 41.667, 83.333, 125, 166.667, 208.333, 250, 291.667, 333.333, 375, 416.667, 458.333, 500, 541.667, 583.333, 625, 666.667, 708.333, 750, 791.667, 833.333, 875, 916.667, 958.333, 1000, 1041.667, 1083.333, 1125, 1166.667, 1208.333, 1250, 1291.667, 1333.333, 1375, 1416.667, 1458.333, 1500, 1541.667, 1583.333, 1625, 1666.667, 1708.333, 1750, 1791.667, 1833.333, 1875, 1916.667, 1958.333, 2000, 2041.667, 2083.333, 2125, 2166.667, 2208.333, 2250, 2291.667, 2333.333, 2375, 2416.667, 2458.333, 2500, },
	transfs = {
		{ 1, 0, 0, 0, 0, 1, 0, 0, 0, 0, 1, 0, 0, 0, 0, 1, },
		{ 0.99999976158142, -0.00025100019411184, 0.00057923118583858, 0, 0.00025232299230993, 0.99999737739563, -0.0022847433574498, 0, -0.00057865626877174, 0.0022848893422633, 0.9999971985817, 0, 0, 0, 0, 1, },
		{ 0.99999690055847, -0.00098698120564222, 0.0022776531986892, 0, 0.0010074062738568, 0.99995911121368, -0.008983938023448, 0, -0.0022686929441988, 0.0089862057939172, 0.99995702505112, 0, 0, 0, 0, 1, },
		{ 0.99998486042023, -0.0021823956631124, 0.0050363438203931, 0, 0.002282036235556, 0.99980002641678, -0.019864102825522, 0, -0.004991986323148, 0.019875299185514, 0.99978995323181, 0, 0, 0, 0, 1, },
		{ 0.99995404481888, -0.0038116427604109, 0.0087963454425335, 0, 0.0041146404109895, 0.99938970804214, -0.034688837826252, 0, -0.0086587555706501, 0.034723438322544, 0.9993594288826, 0, 0, 0, 0, 1, },
		{ 0.99989175796509, -0.00584901496768, 0.013498624786735, 0, 0.0065596555359662, 0.99856144189835, -0.053216177970171, 0, -0.013167944736779, 0.053298961371183, 0.99849170446396, 0, 0, 0, 0, 1, },
		{ 0.99978363513947, -0.00826864130795, 0.019084013998508, 0, 0.0096819708123803, 0.99712181091309, -0.075195625424385, 0, -0.018407320603728, 0.075364135205746, 0.99698615074158, 0, 0, 0, 0, 1, },
		{ 0.99961394071579, -0.011044448241591, 0.025493232533336, 0, 0.013551533222198, 0.99485832452774, -0.10036546736956, 0, -0.024253671988845, 0.10067220032215, 0.99462389945984, 0, 0, 0, 0, 1, },
		{ 0.99936610460281, -0.014150081202388, 0.032666753977537, 0, 0.01823809556663, 0.99154824018478, -0.12845008075237, 0, -0.030573084950447, 0.12896443903446, 0.99117773771286, 0, 0, 0, 0, 1, },
		{ 0.99902337789536, -0.017558909952641, 0.040544882416725, 0, 0.023806357756257, 0.98696595430374, -0.15915848314762, 0, -0.037221774458885, 0.15996827185154, 0.98642015457153, 0, 0, 0, 0, 1, },
		{ 0.99856948852539, -0.02124397456646, 0.049067672342062, 0, 0.030311360955238, 0.98089081048965, -0.19218312203884, 0, -0.044047299772501, 0.19339552521706, 0.98013162612915, 0, 0, 0, 0, 1, },
		{ 0.99798876047134, -0.02517800591886, 0.058174964040518, 0, 0.037794455885887, 0.97311437129974, -0.22720021009445, 0, -0.050890445709229, 0.22894194722176, 0.97210890054703, 0, 0, 0, 0, 1, },
		{ 0.99726718664169, -0.029333401471376, 0.067806333303452, 0, 0.046279739588499, 0.96344721317291, -0.2638703584671, 0, -0.05758760869503, 0.26628729701042, 0.9621719121933, 0, 0, 0, 0, 1, },
		{ 0.99639195203781, -0.033682323992252, 0.07790120691061, 0, 0.055771350860596, 0.95172542333603, -0.30184125900269, 0, -0.063973851501942, 0.30509683489799, 0.95017009973526, 0, 0, 0, 0, 1, },
		{ 0.99535250663757, -0.038196697831154, 0.088398836553097, 0, 0.066251344978809, 0.93781650066376, -0.34075054526329, 0, -0.069886341691017, 0.34502345323563, 0.93598860502243, 0, 0, 0, 0, 1, },
		{ 0.99414074420929, -0.04284830391407, 0.099238343536854, 0, 0.077678591012955, 0.9216240644455, -0.38023027777672, 0, -0.07516822963953, 0.38571107387543, 0.91955244541168, 0, 0, 0, 0, 1, },
		{ 0.99275082349777, -0.047608830034733, 0.11035881191492, 0, 0.08998841792345, 0.90309286117554, -0.41991105675697, 0, -0.079672791063786, 0.42679807543755, 0.90083050727844, 0, 0, 0, 0, 1, },
		{ 0.99118024110794, -0.052450031042099, 0.12169935554266, 0, 0.10309346020222, 0.8822113275528, -0.4594287276268, 0, -0.083267509937286, 0.46792310476303, 0.87983775138855, 0, 0, 0, 0, 1, },
		{ 0.98942887783051, -0.057343807071447, 0.1331992149353, 0, 0.11688517034054, 0.85901457071304, -0.49842935800552, 0, -0.085838243365288, 0.50872945785522, 0.85663646459579, 0, 0, 0, 0, 1, },
		{ 0.98750042915344, -0.062262255698442, 0.14479763805866, 0, 0.13123616576195, 0.83358472585678, -0.53657567501068, 0, -0.087292701005936, 0.54887139797211, 0.83133631944656, 0, 0, 0, 0, 1, },
		{ 0.98540115356445, -0.067177876830101, 0.15643444657326, 0, 0.14600387215614, 0.80605161190033, -0.57355356216431, 0, -0.087564125657082, 0.58802032470703, 0.80409234762192, 0, 0, 0, 0, 1, },
		{ 0.98314088582993, -0.072063781321049, 0.1680496186018, 0, 0.16103404760361, 0.77659118175507, -0.60907649993896, 0, -0.086613491177559, 0.62586975097656, 0.77510333061218, 0, 0, 0, 0, 1, },
		{ 0.98073297739029, -0.076893419027328, 0.17958350479603, 0, 0.17616510391235, 0.74542319774628, -0.64289200305939, 0, -0.084431536495686, 0.66214174032211, 0.74460703134537, 0, 0, 0, 0, 1, },
		{ 0.97819340229034, -0.08164120465517, 0.1909771412611, 0, 0.19123311340809, 0.71280813217163, -0.674784719944, 0, -0.08103983104229, 0.69659119844437, 0.71287673711777, 0, 0, 0, 0, 1, },
		{ 0.97554177045822, -0.086282260715961, 0.20217201113701, 0, 0.20607602596283, 0.67904275655746, -0.70458042621613, 0, -0.076490648090839, 0.72901046276093, 0.68021529912949, 0, 0, 0, 0, 1, },
		{ 0.97280043363571, -0.090792536735535, 0.21311031281948, 0, 0.22053851187229, 0.64445489645004, -0.73214793205261, 0, -0.070866420865059, 0.759232878685, 0.64694929122925, 0, 0, 0, 0, 1, },
		{ 0.96999442577362, -0.095148958265781, 0.22373497486115, 0, 0.23447602987289, 0.60939848423004, -0.75739973783493, 0, -0.064277946949005, 0.78713417053223, 0.61342334747314, 0, 0, 0, 0, 1, },
		{ 0.96715176105499, -0.099329464137554, 0.23398941755295, 0, 0.24775820970535, 0.57424700260162, -0.78029239177704, 0, -0.056861691176891, 0.81263399124146, 0.579993724823, 0, 0, 0, 0, 1, },
		{ 0.96430236101151, -0.10331298410892, 0.24381817877293, 0, 0.26027232408524, 0.53938776254654, -0.80082404613495, 0, -0.048777010291815, 0.83569568395615, 0.54702234268188, 0, 0, 0, 0, 1, },
		{ 0.96147859096527, -0.10707920789719, 0.25316596031189, 0, 0.27192407846451, 0.50521749258041, -0.81903141736984, 0, -0.040202621370554, 0.85632306337357, 0.51487320661545, 0, 0, 0, 0, 1, },
		{ 0.95871406793594, -0.11060910671949, 0.26197868585587, 0, 0.28264030814171, 0.47213336825371, -0.83498775959015, 0, -0.0313316360116, 0.87456023693085, 0.48390355706215, 0, 0, 0, 0, 1, },
		{ 0.9560444355011, -0.11388409137726, 0.27020245790482, 0, 0.29236721992493, 0.44053256511688, -0.84879463911057, 0, -0.022368781268597, 0.89048379659653, 0.45446473360062, 0, 0, 0, 0, 1, },
		{ 0.95350581407547, -0.11688661575317, 0.27778413891792, 0, 0.30107074975967, 0.41080462932587, -0.86057883501053, 0, -0.013524858281016, 0.90419965982437, 0.42689576745033, 0, 0, 0, 0, 1, },
		{ 0.95113527774811, -0.11959946900606, 0.28467109799385, 0, 0.30873376131058, 0.38332825899124, -0.87048429250717, 0, -0.0050130081363022, 0.915835916996, 0.40152141451836, 0, 0, 0, 0, 1, },
		{ 0.94896972179413, -0.12200609594584, 0.29081079363823, 0, 0.31535321474075, 0.35847118496895, -0.87866419553757, 0, 0.0029550960753113, 0.92553383111954, 0.3786533176899, 0, 0, 0, 0, 1, },
		{ 0.94704610109329, -0.12408983707428, 0.29615095257759, 0, 0.32093638181686, 0.33658513426781, -0.88527405261993, 0, 0.010173524729908, 0.93344104290009, 0.35858657956123, 0, 0, 0, 0, 1, },
		{ 0.94540023803711, -0.12583436071873, 0.30063927173615, 0, 0.32549622654915, 0.31800678372383, -0.89046263694763, 0, 0.016445469111204, 0.93970066308975, 0.34160232543945, 0, 0, 0, 0, 1, },
		{ 0.94406706094742, -0.12722270190716, 0.30422323942184, 0, 0.32904621958733, 0.30305564403534, -0.89436340332031, 0, 0.021586749702692, 0.94444251060486, 0.3279669880867, 0, 0, 0, 0, 1, },
		{ 0.94307905435562, -0.12823766469955, 0.30685007572174, 0, 0.33159494400024, 0.29203397035599, -0.89708471298218, 0, 0.025429395958781, 0.94777166843414, 0.31793409585953, 0, 0, 0, 0, 1, },
		{ 0.9424666762352, -0.12886090576649, 0.30846607685089, 0, 0.33313998579979, 0.28522732853889, -0.89870077371597, 0, 0.027824442833662, 0.94975799322128, 0.31174600124359, 0, 0, 0, 0, 1, },
		{ 0.94225716590881, -0.12907318770885, 0.30901700258255, 0, 0.33366268873215, 0.28290247917175, -0.89924156665802, 0, 0.028646312654018, 0.95042419433594, 0.30963379144669, 0, 0, 0, 0, 1, },
		{ 0.94307911396027, -0.12823764979839, 0.3068500161171, 0, 0.3315948843956, 0.29203417897224, -0.89708465337753, 0, 0.025429317727685, 0.94777166843414, 0.31793430447578, 0, 0, 0, 0, 1, },
		{ 0.94540023803711, -0.12583437561989, 0.30063933134079, 0, 0.32549628615379, 0.31800705194473, -0.89046263694763, 0, 0.016445387154818, 0.93970054388046, 0.34160256385803, 0, 0, 0, 0, 1, },
		{ 0.94896972179413, -0.12200606614351, 0.29081076383591, 0, 0.31535321474075, 0.35847130417824, -0.87866413593292, 0, 0.0029550448525697, 0.92553383111954, 0.37865343689919, 0, 0, 0, 0, 1, },
		{ 0.95350581407547, -0.11688661575317, 0.27778416872025, 0, 0.301070779562, 0.41080448031425, -0.86057883501053, 0, -0.013524832203984, 0.90419965982437, 0.42689564824104, 0, 0, 0, 0, 1, },
		{ 0.95871406793594, -0.11060909926891, 0.26197871565819, 0, 0.28264030814171, 0.47213336825371, -0.8349876999855, 0, -0.031331665813923, 0.87456023693085, 0.48390355706215, 0, 0, 0, 0, 1, },
		{ 0.96430236101151, -0.1033129543066, 0.2438181489706, 0, 0.26027226448059, 0.53938794136047, -0.80082386732101, 0, -0.048777088522911, 0.83569556474686, 0.54702258110046, 0, 0, 0, 0, 1, },
		{ 0.96999442577362, -0.095148980617523, 0.22373497486115, 0, 0.23447602987289, 0.6093984246254, -0.75739985704422, 0, -0.064277924597263, 0.78713417053223, 0.6134232878685, 0, 0, 0, 0, 1, },
		{ 0.97554177045822, -0.086282283067703, 0.20217204093933, 0, 0.20607607066631, 0.67904263734818, -0.70458054542542, 0, -0.076490625739098, 0.72901058197021, 0.68021523952484, 0, 0, 0, 0, 1, },
		{ 0.98073297739029, -0.076893426477909, 0.17958351969719, 0, 0.17616511881351, 0.74542313814163, -0.64289206266403, 0, -0.084431536495686, 0.66214179992676, 0.74460697174072, 0, 0, 0, 0, 1, },
		{ 0.98540115356445, -0.067177899181843, 0.15643446147442, 0, 0.1460038870573, 0.80605161190033, -0.57355356216431, 0, -0.087564133107662, 0.58802032470703, 0.80409234762192, 0, 0, 0, 0, 1, },
		{ 0.98942887783051, -0.057343818247318, 0.13319924473763, 0, 0.1168851852417, 0.85901457071304, -0.49842935800552, 0, -0.085838250815868, 0.50872945785522, 0.85663646459579, 0, 0, 0, 0, 1, },
		{ 0.99275082349777, -0.047608830034733, 0.11035883426666, 0, 0.089988432824612, 0.90309286117554, -0.4199110865593, 0, -0.079672813415527, 0.42679813504219, 0.90083050727844, 0, 0, 0, 0, 1, },
		{ 0.99535250663757, -0.038196690380573, 0.088398814201355, 0, 0.066251330077648, 0.93781650066376, -0.34075048565865, 0, -0.069886326789856, 0.34502339363098, 0.93598866462708, 0, 0, 0, 0, 1, },
		{ 0.99726718664169, -0.029333412647247, 0.067806363105774, 0, 0.04627975448966, 0.96344721317291, -0.26387029886246, 0, -0.057587638497353, 0.2662872672081, 0.9621719121933, 0, 0, 0, 0, 1, },
		{ 0.99856948852539, -0.021243980154395, 0.049067668616772, 0, 0.030311357229948, 0.98089081048965, -0.19218304753304, 0, -0.04404729232192, 0.19339543581009, 0.98013162612915, 0, 0, 0, 0, 1, },
		{ 0.99936610460281, -0.014150055125356, 0.032666742801666, 0, 0.018238065764308, 0.99154829978943, -0.12844994664192, 0, -0.030573079362512, 0.12896430492401, 0.99117785692215, 0, 0, 0, 0, 1, },
		{ 0.99978363513947, -0.0082686180248857, 0.019083980470896, 0, 0.0096819410100579, 0.99712181091309, -0.075195409357548, 0, -0.018407290801406, 0.075363911688328, 0.99698621034622, 0, 0, 0, 0, 1, },
		{ 0.99995404481888, -0.003811634844169, 0.0087963379919529, 0, 0.0041146320290864, 0.99938970804214, -0.034688867628574, 0, -0.0086587490513921, 0.034723468124866, 0.9993594288826, 0, 0, 0, 0, 1, },
		{ 0.99999690055847, -0.00098696094937623, 0.0022776110563427, 0, 0.0010073850862682, 0.99995911121368, -0.0089837051928043, 0, -0.0022686515003443, 0.0089859729632735, 0.99995702505112, 0, 0, 0, 0, 1, },
		{ 1, 0, 0, 0, 0, 1, 0, 0, 0, 0, 1, 0, 0, 0, 0, 1, },
	},
}
end
